{
 "cells": [
  {
   "cell_type": "markdown",
   "id": "8a29549a-1cf1-4af4-90f8-0c96201038d6",
   "metadata": {},
   "source": [
    "## Paso 1 — Carga de datos y exploración mínima\n",
    "\n",
    "En este primer paso se carga el conjunto de datos *Khan* y se realiza una revisión inicial para asegurar su integridad antes del análisis. Se detecta automáticamente la columna de etiquetas, buscando nombres comunes como `class` o `label`, y si no se encuentra se utiliza la última columna disponible. Posteriormente, se muestran las dimensiones del conjunto, el conteo de observaciones por clase y la cantidad de valores faltantes tanto totales como por columna, si existieran. Finalmente, se calculan las diferencias de medias entre las clases 2 y 4 para todos los genes, destacando los diez con mayor valor absoluto, con el fin de observar indicios tempranos de separación entre grupos.\n"
   ]
  },
  {
   "cell_type": "code",
   "execution_count": 1,
   "id": "cf3bad10-2c01-4afb-9a26-35966633b038",
   "metadata": {},
   "outputs": [
    {
     "name": "stdout",
     "output_type": "stream",
     "text": [
      "Dimensiones: (83, 2309)\n",
      "Conteo por clase:\n",
      "y\n",
      "1    11\n",
      "2    29\n",
      "3    18\n",
      "4    25\n",
      "Name: count, dtype: int64\n",
      "\n",
      "Huecos totales en el dataset:\n",
      "0\n",
      "\n",
      "Top-10 |Δ media| (clase 2 vs 4):\n"
     ]
    },
    {
     "data": {
      "text/html": [
       "<div>\n",
       "<style scoped>\n",
       "    .dataframe tbody tr th:only-of-type {\n",
       "        vertical-align: middle;\n",
       "    }\n",
       "\n",
       "    .dataframe tbody tr th {\n",
       "        vertical-align: top;\n",
       "    }\n",
       "\n",
       "    .dataframe thead th {\n",
       "        text-align: right;\n",
       "    }\n",
       "</style>\n",
       "<table border=\"1\" class=\"dataframe\">\n",
       "  <thead>\n",
       "    <tr style=\"text-align: right;\">\n",
       "      <th></th>\n",
       "      <th>abs(mean_2 - mean_4)</th>\n",
       "    </tr>\n",
       "  </thead>\n",
       "  <tbody>\n",
       "    <tr>\n",
       "      <th>X187</th>\n",
       "      <td>3.323151</td>\n",
       "    </tr>\n",
       "    <tr>\n",
       "      <th>X509</th>\n",
       "      <td>2.906537</td>\n",
       "    </tr>\n",
       "    <tr>\n",
       "      <th>X2046</th>\n",
       "      <td>2.424515</td>\n",
       "    </tr>\n",
       "    <tr>\n",
       "      <th>X2050</th>\n",
       "      <td>2.401783</td>\n",
       "    </tr>\n",
       "    <tr>\n",
       "      <th>X129</th>\n",
       "      <td>2.165185</td>\n",
       "    </tr>\n",
       "    <tr>\n",
       "      <th>X1645</th>\n",
       "      <td>2.065460</td>\n",
       "    </tr>\n",
       "    <tr>\n",
       "      <th>X1319</th>\n",
       "      <td>2.045941</td>\n",
       "    </tr>\n",
       "    <tr>\n",
       "      <th>X1955</th>\n",
       "      <td>2.037340</td>\n",
       "    </tr>\n",
       "    <tr>\n",
       "      <th>X1003</th>\n",
       "      <td>2.011337</td>\n",
       "    </tr>\n",
       "    <tr>\n",
       "      <th>y</th>\n",
       "      <td>2.000000</td>\n",
       "    </tr>\n",
       "  </tbody>\n",
       "</table>\n",
       "</div>"
      ],
      "text/plain": [
       "       abs(mean_2 - mean_4)\n",
       "X187               3.323151\n",
       "X509               2.906537\n",
       "X2046              2.424515\n",
       "X2050              2.401783\n",
       "X129               2.165185\n",
       "X1645              2.065460\n",
       "X1319              2.045941\n",
       "X1955              2.037340\n",
       "X1003              2.011337\n",
       "y                  2.000000"
      ]
     },
     "metadata": {},
     "output_type": "display_data"
    }
   ],
   "source": [
    "# ===== Imports base (reusados en los pasos siguientes) =====\n",
    "import pandas as pd, numpy as np\n",
    "from scipy.stats import ttest_ind, f_oneway\n",
    "from statsmodels.stats.multitest import multipletests\n",
    "from sklearn.model_selection import train_test_split\n",
    "from sklearn.preprocessing import StandardScaler\n",
    "from sklearn.pipeline import Pipeline\n",
    "from sklearn.svm import SVC\n",
    "from sklearn.metrics import accuracy_score, f1_score, confusion_matrix\n",
    "np.random.seed(42)\n",
    "\n",
    "# ===== Carga y preparación mínima =====\n",
    "df = pd.read_csv(\"A3.1 Khan.csv\")\n",
    "y = df[\"y\"].astype(int)          # columna de etiqueta fija: 'y'\n",
    "X = df.drop(columns=[\"y\"])       # resto son genes\n",
    "\n",
    "print(\"Dimensiones:\", df.shape)\n",
    "print(\"Conteo por clase:\")\n",
    "print(y.value_counts().sort_index())\n",
    "\n",
    "# ===== Huecos =====\n",
    "print(\"\\nHuecos totales en el dataset:\")\n",
    "print(df.isnull().sum().sum())\n",
    "\n",
    "grupo2 = df[df[\"y\"] == 2]\n",
    "grupo4 = df[df[\"y\"] == 4]\n",
    "\n",
    "# Diferencia de medias 2 - 4 por gen (mantengo vector completo para usos posteriores)\n",
    "mean_diff = (grupo2.mean(numeric_only=True) - grupo4.mean(numeric_only=True))\n",
    "\n",
    "# Top-10 por valor absoluto de la diferencia (presentación compacta)\n",
    "diferencia_abs = mean_diff.abs().sort_values(ascending=False)\n",
    "top10 = diferencia_abs.head(10)\n",
    "\n",
    "print(\"\\nTop-10 |Δ media| (clase 2 vs 4):\")\n",
    "display(top10.to_frame(\"abs(mean_2 - mean_4)\"))\n",
    "\n",
    "# Máscaras útiles para pasos posteriores\n",
    "mask2, mask4 = (y == 2), (y == 4)\n"
   ]
  },
  {
   "cell_type": "markdown",
   "id": "274c3144-13cc-444d-9f1d-9637c0612422",
   "metadata": {},
   "source": [
    "## Paso 2 — Pruebas de hipótesis por gen (2 vs 4) y ajustes por comparaciones múltiples\n",
    "\n",
    "Comparamos, para cada gen, la expresión entre las clases 2 y 4 usando una **t de Welch** (`equal_var=False`) y después corregimos los p-values por comparaciones múltiples con **Bonferroni**, **Holm** (control FWER) y **Benjamini–Hochberg** (control FDR), fijando **α = 0.05**. Reportaremos cuántos genes resultan significativos con cada método, mostraremos un **Top-10** ordenado por p crudo incluyendo sus p ajustados y conservaremos la **tabla completa** para reutilizarla en pasos posteriores.\n"
   ]
  },
  {
   "cell_type": "code",
   "execution_count": 2,
   "id": "3f175fdc-d359-42ef-bba1-fed5e4ac04cd",
   "metadata": {},
   "outputs": [
    {
     "name": "stdout",
     "output_type": "stream",
     "text": [
      "Genes significativos (α = 0.05)\n",
      "Bonferroni: 72\n",
      "Holm     : 72\n",
      "FDR (BH) : 296\n",
      "\n",
      "Top-10 por p BONFERRONI:\n"
     ]
    },
    {
     "data": {
      "text/html": [
       "<div>\n",
       "<style scoped>\n",
       "    .dataframe tbody tr th:only-of-type {\n",
       "        vertical-align: middle;\n",
       "    }\n",
       "\n",
       "    .dataframe tbody tr th {\n",
       "        vertical-align: top;\n",
       "    }\n",
       "\n",
       "    .dataframe thead th {\n",
       "        text-align: right;\n",
       "    }\n",
       "</style>\n",
       "<table border=\"1\" class=\"dataframe\">\n",
       "  <thead>\n",
       "    <tr style=\"text-align: right;\">\n",
       "      <th></th>\n",
       "      <th>gen</th>\n",
       "      <th>p_bonf</th>\n",
       "      <th>p_raw</th>\n",
       "      <th>p_holm</th>\n",
       "      <th>p_fdr_bh</th>\n",
       "    </tr>\n",
       "  </thead>\n",
       "  <tbody>\n",
       "    <tr>\n",
       "      <th>1002</th>\n",
       "      <td>X1003</td>\n",
       "      <td>1.153698e-13</td>\n",
       "      <td>4.998692e-17</td>\n",
       "      <td>1.153698e-13</td>\n",
       "      <td>1.153698e-13</td>\n",
       "    </tr>\n",
       "    <tr>\n",
       "      <th>186</th>\n",
       "      <td>X187</td>\n",
       "      <td>8.578576e-13</td>\n",
       "      <td>3.716887e-16</td>\n",
       "      <td>8.574859e-13</td>\n",
       "      <td>4.289288e-13</td>\n",
       "    </tr>\n",
       "    <tr>\n",
       "      <th>2049</th>\n",
       "      <td>X2050</td>\n",
       "      <td>9.427801e-12</td>\n",
       "      <td>4.084836e-15</td>\n",
       "      <td>9.419631e-12</td>\n",
       "      <td>3.062213e-12</td>\n",
       "    </tr>\n",
       "    <tr>\n",
       "      <th>1954</th>\n",
       "      <td>X1955</td>\n",
       "      <td>1.224885e-11</td>\n",
       "      <td>5.307128e-15</td>\n",
       "      <td>1.223293e-11</td>\n",
       "      <td>3.062213e-12</td>\n",
       "    </tr>\n",
       "    <tr>\n",
       "      <th>1644</th>\n",
       "      <td>X1645</td>\n",
       "      <td>1.907075e-11</td>\n",
       "      <td>8.262889e-15</td>\n",
       "      <td>1.903770e-11</td>\n",
       "      <td>3.814150e-12</td>\n",
       "    </tr>\n",
       "    <tr>\n",
       "      <th>245</th>\n",
       "      <td>X246</td>\n",
       "      <td>3.548567e-11</td>\n",
       "      <td>1.537507e-14</td>\n",
       "      <td>3.540879e-11</td>\n",
       "      <td>5.833619e-12</td>\n",
       "    </tr>\n",
       "    <tr>\n",
       "      <th>2045</th>\n",
       "      <td>X2046</td>\n",
       "      <td>4.083533e-11</td>\n",
       "      <td>1.769295e-14</td>\n",
       "      <td>4.072917e-11</td>\n",
       "      <td>5.833619e-12</td>\n",
       "    </tr>\n",
       "    <tr>\n",
       "      <th>508</th>\n",
       "      <td>X509</td>\n",
       "      <td>1.743776e-10</td>\n",
       "      <td>7.555354e-14</td>\n",
       "      <td>1.738487e-10</td>\n",
       "      <td>2.179720e-11</td>\n",
       "    </tr>\n",
       "    <tr>\n",
       "      <th>1953</th>\n",
       "      <td>X1954</td>\n",
       "      <td>2.193537e-10</td>\n",
       "      <td>9.504059e-14</td>\n",
       "      <td>2.185934e-10</td>\n",
       "      <td>2.437263e-11</td>\n",
       "    </tr>\n",
       "    <tr>\n",
       "      <th>1388</th>\n",
       "      <td>X1389</td>\n",
       "      <td>1.474328e-09</td>\n",
       "      <td>6.387904e-13</td>\n",
       "      <td>1.468579e-09</td>\n",
       "      <td>1.474328e-10</td>\n",
       "    </tr>\n",
       "  </tbody>\n",
       "</table>\n",
       "</div>"
      ],
      "text/plain": [
       "        gen        p_bonf         p_raw        p_holm      p_fdr_bh\n",
       "1002  X1003  1.153698e-13  4.998692e-17  1.153698e-13  1.153698e-13\n",
       "186    X187  8.578576e-13  3.716887e-16  8.574859e-13  4.289288e-13\n",
       "2049  X2050  9.427801e-12  4.084836e-15  9.419631e-12  3.062213e-12\n",
       "1954  X1955  1.224885e-11  5.307128e-15  1.223293e-11  3.062213e-12\n",
       "1644  X1645  1.907075e-11  8.262889e-15  1.903770e-11  3.814150e-12\n",
       "245    X246  3.548567e-11  1.537507e-14  3.540879e-11  5.833619e-12\n",
       "2045  X2046  4.083533e-11  1.769295e-14  4.072917e-11  5.833619e-12\n",
       "508    X509  1.743776e-10  7.555354e-14  1.738487e-10  2.179720e-11\n",
       "1953  X1954  2.193537e-10  9.504059e-14  2.185934e-10  2.437263e-11\n",
       "1388  X1389  1.474328e-09  6.387904e-13  1.468579e-09  1.474328e-10"
      ]
     },
     "metadata": {},
     "output_type": "display_data"
    },
    {
     "name": "stdout",
     "output_type": "stream",
     "text": [
      "\n",
      "Top-10 por p HOLM:\n"
     ]
    },
    {
     "data": {
      "text/html": [
       "<div>\n",
       "<style scoped>\n",
       "    .dataframe tbody tr th:only-of-type {\n",
       "        vertical-align: middle;\n",
       "    }\n",
       "\n",
       "    .dataframe tbody tr th {\n",
       "        vertical-align: top;\n",
       "    }\n",
       "\n",
       "    .dataframe thead th {\n",
       "        text-align: right;\n",
       "    }\n",
       "</style>\n",
       "<table border=\"1\" class=\"dataframe\">\n",
       "  <thead>\n",
       "    <tr style=\"text-align: right;\">\n",
       "      <th></th>\n",
       "      <th>gen</th>\n",
       "      <th>p_holm</th>\n",
       "      <th>p_raw</th>\n",
       "      <th>p_bonf</th>\n",
       "      <th>p_fdr_bh</th>\n",
       "    </tr>\n",
       "  </thead>\n",
       "  <tbody>\n",
       "    <tr>\n",
       "      <th>1002</th>\n",
       "      <td>X1003</td>\n",
       "      <td>1.153698e-13</td>\n",
       "      <td>4.998692e-17</td>\n",
       "      <td>1.153698e-13</td>\n",
       "      <td>1.153698e-13</td>\n",
       "    </tr>\n",
       "    <tr>\n",
       "      <th>186</th>\n",
       "      <td>X187</td>\n",
       "      <td>8.574859e-13</td>\n",
       "      <td>3.716887e-16</td>\n",
       "      <td>8.578576e-13</td>\n",
       "      <td>4.289288e-13</td>\n",
       "    </tr>\n",
       "    <tr>\n",
       "      <th>2049</th>\n",
       "      <td>X2050</td>\n",
       "      <td>9.419631e-12</td>\n",
       "      <td>4.084836e-15</td>\n",
       "      <td>9.427801e-12</td>\n",
       "      <td>3.062213e-12</td>\n",
       "    </tr>\n",
       "    <tr>\n",
       "      <th>1954</th>\n",
       "      <td>X1955</td>\n",
       "      <td>1.223293e-11</td>\n",
       "      <td>5.307128e-15</td>\n",
       "      <td>1.224885e-11</td>\n",
       "      <td>3.062213e-12</td>\n",
       "    </tr>\n",
       "    <tr>\n",
       "      <th>1644</th>\n",
       "      <td>X1645</td>\n",
       "      <td>1.903770e-11</td>\n",
       "      <td>8.262889e-15</td>\n",
       "      <td>1.907075e-11</td>\n",
       "      <td>3.814150e-12</td>\n",
       "    </tr>\n",
       "    <tr>\n",
       "      <th>245</th>\n",
       "      <td>X246</td>\n",
       "      <td>3.540879e-11</td>\n",
       "      <td>1.537507e-14</td>\n",
       "      <td>3.548567e-11</td>\n",
       "      <td>5.833619e-12</td>\n",
       "    </tr>\n",
       "    <tr>\n",
       "      <th>2045</th>\n",
       "      <td>X2046</td>\n",
       "      <td>4.072917e-11</td>\n",
       "      <td>1.769295e-14</td>\n",
       "      <td>4.083533e-11</td>\n",
       "      <td>5.833619e-12</td>\n",
       "    </tr>\n",
       "    <tr>\n",
       "      <th>508</th>\n",
       "      <td>X509</td>\n",
       "      <td>1.738487e-10</td>\n",
       "      <td>7.555354e-14</td>\n",
       "      <td>1.743776e-10</td>\n",
       "      <td>2.179720e-11</td>\n",
       "    </tr>\n",
       "    <tr>\n",
       "      <th>1953</th>\n",
       "      <td>X1954</td>\n",
       "      <td>2.185934e-10</td>\n",
       "      <td>9.504059e-14</td>\n",
       "      <td>2.193537e-10</td>\n",
       "      <td>2.437263e-11</td>\n",
       "    </tr>\n",
       "    <tr>\n",
       "      <th>1388</th>\n",
       "      <td>X1389</td>\n",
       "      <td>1.468579e-09</td>\n",
       "      <td>6.387904e-13</td>\n",
       "      <td>1.474328e-09</td>\n",
       "      <td>1.474328e-10</td>\n",
       "    </tr>\n",
       "  </tbody>\n",
       "</table>\n",
       "</div>"
      ],
      "text/plain": [
       "        gen        p_holm         p_raw        p_bonf      p_fdr_bh\n",
       "1002  X1003  1.153698e-13  4.998692e-17  1.153698e-13  1.153698e-13\n",
       "186    X187  8.574859e-13  3.716887e-16  8.578576e-13  4.289288e-13\n",
       "2049  X2050  9.419631e-12  4.084836e-15  9.427801e-12  3.062213e-12\n",
       "1954  X1955  1.223293e-11  5.307128e-15  1.224885e-11  3.062213e-12\n",
       "1644  X1645  1.903770e-11  8.262889e-15  1.907075e-11  3.814150e-12\n",
       "245    X246  3.540879e-11  1.537507e-14  3.548567e-11  5.833619e-12\n",
       "2045  X2046  4.072917e-11  1.769295e-14  4.083533e-11  5.833619e-12\n",
       "508    X509  1.738487e-10  7.555354e-14  1.743776e-10  2.179720e-11\n",
       "1953  X1954  2.185934e-10  9.504059e-14  2.193537e-10  2.437263e-11\n",
       "1388  X1389  1.468579e-09  6.387904e-13  1.474328e-09  1.474328e-10"
      ]
     },
     "metadata": {},
     "output_type": "display_data"
    },
    {
     "name": "stdout",
     "output_type": "stream",
     "text": [
      "\n",
      "Top-10 por p FDR (BH):\n"
     ]
    },
    {
     "data": {
      "text/html": [
       "<div>\n",
       "<style scoped>\n",
       "    .dataframe tbody tr th:only-of-type {\n",
       "        vertical-align: middle;\n",
       "    }\n",
       "\n",
       "    .dataframe tbody tr th {\n",
       "        vertical-align: top;\n",
       "    }\n",
       "\n",
       "    .dataframe thead th {\n",
       "        text-align: right;\n",
       "    }\n",
       "</style>\n",
       "<table border=\"1\" class=\"dataframe\">\n",
       "  <thead>\n",
       "    <tr style=\"text-align: right;\">\n",
       "      <th></th>\n",
       "      <th>gen</th>\n",
       "      <th>p_fdr_bh</th>\n",
       "      <th>p_raw</th>\n",
       "      <th>p_bonf</th>\n",
       "      <th>p_holm</th>\n",
       "    </tr>\n",
       "  </thead>\n",
       "  <tbody>\n",
       "    <tr>\n",
       "      <th>1002</th>\n",
       "      <td>X1003</td>\n",
       "      <td>1.153698e-13</td>\n",
       "      <td>4.998692e-17</td>\n",
       "      <td>1.153698e-13</td>\n",
       "      <td>1.153698e-13</td>\n",
       "    </tr>\n",
       "    <tr>\n",
       "      <th>186</th>\n",
       "      <td>X187</td>\n",
       "      <td>4.289288e-13</td>\n",
       "      <td>3.716887e-16</td>\n",
       "      <td>8.578576e-13</td>\n",
       "      <td>8.574859e-13</td>\n",
       "    </tr>\n",
       "    <tr>\n",
       "      <th>1954</th>\n",
       "      <td>X1955</td>\n",
       "      <td>3.062213e-12</td>\n",
       "      <td>5.307128e-15</td>\n",
       "      <td>1.224885e-11</td>\n",
       "      <td>1.223293e-11</td>\n",
       "    </tr>\n",
       "    <tr>\n",
       "      <th>2049</th>\n",
       "      <td>X2050</td>\n",
       "      <td>3.062213e-12</td>\n",
       "      <td>4.084836e-15</td>\n",
       "      <td>9.427801e-12</td>\n",
       "      <td>9.419631e-12</td>\n",
       "    </tr>\n",
       "    <tr>\n",
       "      <th>1644</th>\n",
       "      <td>X1645</td>\n",
       "      <td>3.814150e-12</td>\n",
       "      <td>8.262889e-15</td>\n",
       "      <td>1.907075e-11</td>\n",
       "      <td>1.903770e-11</td>\n",
       "    </tr>\n",
       "    <tr>\n",
       "      <th>245</th>\n",
       "      <td>X246</td>\n",
       "      <td>5.833619e-12</td>\n",
       "      <td>1.537507e-14</td>\n",
       "      <td>3.548567e-11</td>\n",
       "      <td>3.540879e-11</td>\n",
       "    </tr>\n",
       "    <tr>\n",
       "      <th>2045</th>\n",
       "      <td>X2046</td>\n",
       "      <td>5.833619e-12</td>\n",
       "      <td>1.769295e-14</td>\n",
       "      <td>4.083533e-11</td>\n",
       "      <td>4.072917e-11</td>\n",
       "    </tr>\n",
       "    <tr>\n",
       "      <th>508</th>\n",
       "      <td>X509</td>\n",
       "      <td>2.179720e-11</td>\n",
       "      <td>7.555354e-14</td>\n",
       "      <td>1.743776e-10</td>\n",
       "      <td>1.738487e-10</td>\n",
       "    </tr>\n",
       "    <tr>\n",
       "      <th>1953</th>\n",
       "      <td>X1954</td>\n",
       "      <td>2.437263e-11</td>\n",
       "      <td>9.504059e-14</td>\n",
       "      <td>2.193537e-10</td>\n",
       "      <td>2.185934e-10</td>\n",
       "    </tr>\n",
       "    <tr>\n",
       "      <th>1388</th>\n",
       "      <td>X1389</td>\n",
       "      <td>1.474328e-10</td>\n",
       "      <td>6.387904e-13</td>\n",
       "      <td>1.474328e-09</td>\n",
       "      <td>1.468579e-09</td>\n",
       "    </tr>\n",
       "  </tbody>\n",
       "</table>\n",
       "</div>"
      ],
      "text/plain": [
       "        gen      p_fdr_bh         p_raw        p_bonf        p_holm\n",
       "1002  X1003  1.153698e-13  4.998692e-17  1.153698e-13  1.153698e-13\n",
       "186    X187  4.289288e-13  3.716887e-16  8.578576e-13  8.574859e-13\n",
       "1954  X1955  3.062213e-12  5.307128e-15  1.224885e-11  1.223293e-11\n",
       "2049  X2050  3.062213e-12  4.084836e-15  9.427801e-12  9.419631e-12\n",
       "1644  X1645  3.814150e-12  8.262889e-15  1.907075e-11  1.903770e-11\n",
       "245    X246  5.833619e-12  1.537507e-14  3.548567e-11  3.540879e-11\n",
       "2045  X2046  5.833619e-12  1.769295e-14  4.083533e-11  4.072917e-11\n",
       "508    X509  2.179720e-11  7.555354e-14  1.743776e-10  1.738487e-10\n",
       "1953  X1954  2.437263e-11  9.504059e-14  2.193537e-10  2.185934e-10\n",
       "1388  X1389  1.474328e-10  6.387904e-13  1.474328e-09  1.468579e-09"
      ]
     },
     "metadata": {},
     "output_type": "display_data"
    }
   ],
   "source": [
    "from scipy.stats import ttest_ind\n",
    "from statsmodels.stats.multitest import multipletests\n",
    "\n",
    "# Columnas de genes (todo excepto la etiqueta 'y')\n",
    "genes = [c for c in df.columns if c != \"y\"]\n",
    "\n",
    "# Welch t-test por gen (2 vs 4)\n",
    "t_stats, p_values = [], []\n",
    "for gen in genes:\n",
    "    t, p = ttest_ind(grupo2[gen], grupo4[gen], equal_var=False)\n",
    "    t_stats.append(t)\n",
    "    p_values.append(p)\n",
    "\n",
    "# Tabla completa con p crudo y p ajustados\n",
    "resultados = pd.DataFrame({\n",
    "    \"gen\": genes,\n",
    "    \"t_stat\": t_stats,\n",
    "    \"p_raw\": p_values\n",
    "})\n",
    "resultados[\"p_bonf\"] = multipletests(resultados[\"p_raw\"], method=\"bonferroni\")[1]\n",
    "resultados[\"p_holm\"] = multipletests(resultados[\"p_raw\"], method=\"holm\")[1]\n",
    "resultados[\"p_fdr_bh\"] = multipletests(resultados[\"p_raw\"], method=\"fdr_bh\")[1]\n",
    "\n",
    "# Banderas de significancia (α=0.05)\n",
    "resultados[\"sig_bonf\"] = resultados[\"p_bonf\"] < 0.05\n",
    "resultados[\"sig_holm\"] = resultados[\"p_holm\"] < 0.05\n",
    "resultados[\"sig_fdr_bh\"] = resultados[\"p_fdr_bh\"] < 0.05\n",
    "\n",
    "# Conteos\n",
    "print(\"Genes significativos (α = 0.05)\")\n",
    "print(\"Bonferroni:\", resultados[\"sig_bonf\"].sum())\n",
    "print(\"Holm     :\", resultados[\"sig_holm\"].sum())\n",
    "print(\"FDR (BH) :\", resultados[\"sig_fdr_bh\"].sum())\n",
    "\n",
    "# TOP por cada criterio (ordenados por su p correspondiente)\n",
    "print(\"\\nTop-10 por p BONFERRONI:\")\n",
    "display(resultados.sort_values(\"p_bonf\")[[\"gen\",\"p_bonf\",\"p_raw\",\"p_holm\",\"p_fdr_bh\"]].head(10))\n",
    "\n",
    "print(\"\\nTop-10 por p HOLM:\")\n",
    "display(resultados.sort_values(\"p_holm\")[[\"gen\",\"p_holm\",\"p_raw\",\"p_bonf\",\"p_fdr_bh\"]].head(10))\n",
    "\n",
    "print(\"\\nTop-10 por p FDR (BH):\")\n",
    "display(resultados.sort_values(\"p_fdr_bh\")[[\"gen\",\"p_fdr_bh\",\"p_raw\",\"p_bonf\",\"p_holm\"]].head(10))\n"
   ]
  },
  {
   "cell_type": "markdown",
   "id": "6f1b3cb1-f401-4dcb-883b-8442751329d4",
   "metadata": {},
   "source": [
    "Tras aplicar la prueba t de Welch a cada gen para comparar la expresión entre las clases 2 y 4, se identificó un conjunto considerable de genes con diferencias estadísticamente significativas.\n",
    "Los métodos Bonferroni y Holm, que son más conservadores al controlar el error familiar, detectaron 72 genes significativos cada uno. En cambio, el método Benjamini–Hochberg (FDR-BH), al permitir un pequeño margen de falsos positivos, identificó 296 genes como significativos, lo que sugiere una mayor sensibilidad a cambios reales en la expresión.\n",
    "\n",
    "En todos los métodos, los genes X1003, X187 y X2050 se mantienen entre los más significativos, coincidiendo con aquellos que ya mostraban las mayores diferencias de medias en el Paso 1.\n",
    "Esto refuerza su relevancia biológica potencial y respalda la consistencia entre los análisis exploratorios y las pruebas inferenciales.\n",
    "\n",
    "En resumen, los resultados confirman la presencia de múltiples genes con comportamiento diferencial claro entre las clases 2 y 4, consolidando la evidencia estadística de que estos grupos presentan perfiles de expresión génica distintivos."
   ]
  },
  {
   "cell_type": "markdown",
   "id": "eb59b64c-f167-4751-b773-41f9c311d470",
   "metadata": {},
   "source": [
    "## Paso 3 — ANOVA multiclase (4 clases) con corrección FDR\n",
    "\n",
    "- Prueba: **ANOVA de una vía** (`scipy.stats.f_oneway`) por gen.\n",
    "- Corrección por comparaciones múltiples: **FDR Benjamini–Hochberg** (α = 0.05).\n",
    "- Reportes a mostrar:\n",
    "  1) Número total de genes significativos (FDR ≤ 0.05).\n",
    "  2) Tabla **Top-10** por *p-value* crudo con su *p-value* ajustado (FDR).\n",
    "  3) Guardar la tabla completa para uso posterior.\n"
   ]
  },
  {
   "cell_type": "code",
   "execution_count": 3,
   "id": "029fbfc4-d901-4ad0-b2fa-5e7bddcfaea0",
   "metadata": {},
   "outputs": [
    {
     "name": "stdout",
     "output_type": "stream",
     "text": [
      "Genes significativos por ANOVA (FDR BH, α=0.05): 1162\n",
      "\n",
      "Top-10 genes por p-value crudo (con p FDR BH):\n"
     ]
    },
    {
     "data": {
      "text/html": [
       "<div>\n",
       "<style scoped>\n",
       "    .dataframe tbody tr th:only-of-type {\n",
       "        vertical-align: middle;\n",
       "    }\n",
       "\n",
       "    .dataframe tbody tr th {\n",
       "        vertical-align: top;\n",
       "    }\n",
       "\n",
       "    .dataframe thead th {\n",
       "        text-align: right;\n",
       "    }\n",
       "</style>\n",
       "<table border=\"1\" class=\"dataframe\">\n",
       "  <thead>\n",
       "    <tr style=\"text-align: right;\">\n",
       "      <th></th>\n",
       "      <th>gen</th>\n",
       "      <th>p_raw</th>\n",
       "      <th>p_fdr_bh</th>\n",
       "    </tr>\n",
       "  </thead>\n",
       "  <tbody>\n",
       "    <tr>\n",
       "      <th>1954</th>\n",
       "      <td>X1955</td>\n",
       "      <td>1.459035e-24</td>\n",
       "      <td>2.045755e-21</td>\n",
       "    </tr>\n",
       "    <tr>\n",
       "      <th>1388</th>\n",
       "      <td>X1389</td>\n",
       "      <td>1.772751e-24</td>\n",
       "      <td>2.045755e-21</td>\n",
       "    </tr>\n",
       "    <tr>\n",
       "      <th>1002</th>\n",
       "      <td>X1003</td>\n",
       "      <td>1.618988e-23</td>\n",
       "      <td>1.245542e-20</td>\n",
       "    </tr>\n",
       "    <tr>\n",
       "      <th>2049</th>\n",
       "      <td>X2050</td>\n",
       "      <td>4.733702e-22</td>\n",
       "      <td>2.731346e-19</td>\n",
       "    </tr>\n",
       "    <tr>\n",
       "      <th>245</th>\n",
       "      <td>X246</td>\n",
       "      <td>6.633722e-22</td>\n",
       "      <td>3.062126e-19</td>\n",
       "    </tr>\n",
       "    <tr>\n",
       "      <th>741</th>\n",
       "      <td>X742</td>\n",
       "      <td>2.195548e-21</td>\n",
       "      <td>8.445542e-19</td>\n",
       "    </tr>\n",
       "    <tr>\n",
       "      <th>0</th>\n",
       "      <td>X1</td>\n",
       "      <td>3.839240e-20</td>\n",
       "      <td>1.265852e-17</td>\n",
       "    </tr>\n",
       "    <tr>\n",
       "      <th>2161</th>\n",
       "      <td>X2162</td>\n",
       "      <td>1.035143e-19</td>\n",
       "      <td>2.986387e-17</td>\n",
       "    </tr>\n",
       "    <tr>\n",
       "      <th>1953</th>\n",
       "      <td>X1954</td>\n",
       "      <td>2.182635e-19</td>\n",
       "      <td>5.597246e-17</td>\n",
       "    </tr>\n",
       "    <tr>\n",
       "      <th>1644</th>\n",
       "      <td>X1645</td>\n",
       "      <td>2.988392e-19</td>\n",
       "      <td>6.751740e-17</td>\n",
       "    </tr>\n",
       "  </tbody>\n",
       "</table>\n",
       "</div>"
      ],
      "text/plain": [
       "        gen         p_raw      p_fdr_bh\n",
       "1954  X1955  1.459035e-24  2.045755e-21\n",
       "1388  X1389  1.772751e-24  2.045755e-21\n",
       "1002  X1003  1.618988e-23  1.245542e-20\n",
       "2049  X2050  4.733702e-22  2.731346e-19\n",
       "245    X246  6.633722e-22  3.062126e-19\n",
       "741    X742  2.195548e-21  8.445542e-19\n",
       "0        X1  3.839240e-20  1.265852e-17\n",
       "2161  X2162  1.035143e-19  2.986387e-17\n",
       "1953  X1954  2.182635e-19  5.597246e-17\n",
       "1644  X1645  2.988392e-19  6.751740e-17"
      ]
     },
     "metadata": {},
     "output_type": "display_data"
    }
   ],
   "source": [
    "from scipy.stats import f_oneway\n",
    "from statsmodels.stats.multitest import multipletests\n",
    "\n",
    "genes = [c for c in df.columns if c != \"y\"]\n",
    "\n",
    "# ANOVA de una vía (4 clases)\n",
    "p_values_anova = []\n",
    "for gen in genes:\n",
    "    grupos = [df[df[\"y\"] == c][gen] for c in sorted(df[\"y\"].unique())]\n",
    "    _, p = f_oneway(*grupos)\n",
    "    p_values_anova.append(p)\n",
    "\n",
    "# Tabla de resultados\n",
    "anova_res = pd.DataFrame({\n",
    "    \"gen\": genes,\n",
    "    \"p_raw\": p_values_anova\n",
    "})\n",
    "\n",
    "# Corrección FDR-BH\n",
    "anova_res[\"p_fdr_bh\"] = multipletests(anova_res[\"p_raw\"], method=\"fdr_bh\")[1]\n",
    "anova_res[\"sig_fdr_bh\"] = anova_res[\"p_fdr_bh\"] < 0.05\n",
    "\n",
    "# Conteo de genes significativos\n",
    "n_sig = anova_res[\"sig_fdr_bh\"].sum()\n",
    "print(f\"Genes significativos por ANOVA (FDR BH, α=0.05): {n_sig}\")\n",
    "\n",
    "# Top-10 por p-value crudo\n",
    "print(\"\\nTop-10 genes por p-value crudo (con p FDR BH):\")\n",
    "display(anova_res.sort_values(\"p_raw\").head(10)[[\"gen\", \"p_raw\", \"p_fdr_bh\"]])\n",
    "\n",
    "# Guardar tabla completa\n",
    "res_anova = anova_res.sort_values(\"p_raw\").reset_index(drop=True)\n"
   ]
  },
  {
   "cell_type": "markdown",
   "id": "3f8d2ea7-ae22-4325-8d5d-be3fbc6c86ec",
   "metadata": {},
   "source": [
    "El análisis ANOVA entre las cuatro clases identificó 1,162 genes significativos después de aplicar la corrección FDR Benjamini–Hochberg (α = 0.05).\n",
    "Esto muestra que muchos genes presentan diferencias reales en sus niveles de expresión entre los distintos grupos.\n",
    "\n",
    "Los genes X1955, X1389 y X1003 destacan nuevamente entre los más significativos, coincidiendo con los resultados obtenidos en los pasos anteriores.\n",
    "Esto sugiere que estos genes podrían estar estrechamente relacionados con las características que diferencian a las clases del conjunto de datos."
   ]
  },
  {
   "cell_type": "markdown",
   "id": "c47b06b7-cd25-412f-b9dd-29b9bebc3e2b",
   "metadata": {},
   "source": [
    "## Paso 4 — Modelado con SVM (kernels lineal, polinomial grado 3 y RBF)\n",
    "\n",
    "- **Selección de variables:** usar los genes más asociados al comportamiento multiclase según ANOVA (Paso 3). Se seleccionan los **k** genes con menor *p* ajustado (FDR BH).\n",
    "- **División:** 75% entrenamiento / 25% prueba estratificado.\n",
    "- **Preprocesamiento:** `StandardScaler` dentro de un `Pipeline` para cada modelo.\n"
   ]
  },
  {
   "cell_type": "code",
   "execution_count": 12,
   "id": "2c5c6be1-3fb8-4a17-b754-bd1fe343c0c6",
   "metadata": {},
   "outputs": [],
   "source": [
    "# === Paso 4: Entrenamiento SVM con 3 kernels y comparación de desempeño ===\n",
    "from sklearn.model_selection import train_test_split\n",
    "from sklearn.preprocessing import StandardScaler\n",
    "from sklearn.pipeline import Pipeline\n",
    "from sklearn.svm import SVC\n",
    "from sklearn.metrics import accuracy_score, f1_score, confusion_matrix, classification_report\n",
    "\n",
    "# ----- 1) Selección de variables desde ANOVA (Paso 3) -----\n",
    "# k ajustable: si tu máquina va justa, baja a 50; si va bien, 100–200 suele funcionar\n",
    "k = 100\n",
    "assert 'res_anova' in globals(), \"No encuentro la tabla de ANOVA (Paso 3). Ejecuta el Paso 3 antes del 4.\"\n",
    "topk_genes = res_anova.sort_values(\"p_fdr_bh\").head(k)[\"gen\"].tolist()\n",
    "Xk = X[topk_genes].copy()\n",
    "\n",
    "# ----- 2) Split train/test estratificado -----\n",
    "X_train, X_test, y_train, y_test = train_test_split(\n",
    "    Xk, y, test_size=0.25, stratify=y, random_state=42\n",
    ")\n",
    "\n",
    "# ----- 3) Definir modelos -----\n",
    "models = {\n",
    "    \"linear\": Pipeline([(\"scaler\", StandardScaler()),\n",
    "                        (\"clf\", SVC(kernel=\"linear\", random_state=42))]),\n",
    "    \"poly3\":  Pipeline([(\"scaler\", StandardScaler()),\n",
    "                        (\"clf\", SVC(kernel=\"poly\", degree=3, coef0=0, random_state=42))]),\n",
    "    \"rbf\":    Pipeline([(\"scaler\", StandardScaler()),\n",
    "                        (\"clf\", SVC(kernel=\"rbf\", gamma=\"scale\", random_state=42))]),\n",
    "}\n",
    "\n",
    "# ----- 4) Entrenar y evaluar -----\n",
    "scores = {}\n",
    "cms = {}\n",
    "reports = {}\n",
    "\n",
    "for name, pipe in models.items():\n",
    "    pipe.fit(X_train, y_train)\n",
    "    y_pred = pipe.predict(X_test)\n",
    "    acc  = accuracy_score(y_test, y_pred)\n",
    "    f1m  = f1_score(y_test, y_pred, average=\"macro\")\n",
    "    cm   = confusion_matrix(y_test, y_pred, labels=sorted(y.unique()))\n",
    "    rpt  = classification_report(y_test, y_pred, digits=3)\n",
    "    scores[name]  = {\"accuracy\": acc, \"macroF1\": f1m}\n",
    "    cms[name]     = cm\n",
    "    reports[name] = rpt\n"
   ]
  },
  {
   "cell_type": "markdown",
   "id": "0e318a42-e30d-4016-9342-bfc8d44d2cfc",
   "metadata": {},
   "source": [
    "## Paso 5: Conclusiones \n",
    "- **Métricas de comparación:** `accuracy` y **macro-F1** (promedia por clase). Además, se muestra la **matriz de confusión**.\n",
    "- **Criterio de mejor modelo:** mayor **macro-F1** en el conjunto de prueba.\n"
   ]
  },
  {
   "cell_type": "code",
   "execution_count": 13,
   "id": "f9a19d02-e476-41f4-ae42-82a06107609e",
   "metadata": {},
   "outputs": [
    {
     "name": "stdout",
     "output_type": "stream",
     "text": [
      "Resumen de métricas en TEST (k = 100 genes):\n",
      "- linear | accuracy=1.000 | macroF1=1.000\n",
      "- poly3  | accuracy=0.905 | macroF1=0.906\n",
      "- rbf    | accuracy=1.000 | macroF1=1.000\n",
      "\n",
      "Mejor kernel por macro-F1: linear\n",
      "\n",
      "[linear] Matriz de confusión (clases ordenadas):\n",
      "[[3 0 0 0]\n",
      " [0 7 0 0]\n",
      " [0 0 5 0]\n",
      " [0 0 0 6]]\n",
      "\n",
      "[linear] Classification report:\n",
      "              precision    recall  f1-score   support\n",
      "\n",
      "           1      1.000     1.000     1.000         3\n",
      "           2      1.000     1.000     1.000         7\n",
      "           3      1.000     1.000     1.000         5\n",
      "           4      1.000     1.000     1.000         6\n",
      "\n",
      "    accuracy                          1.000        21\n",
      "   macro avg      1.000     1.000     1.000        21\n",
      "weighted avg      1.000     1.000     1.000        21\n",
      "\n",
      "\n",
      "[poly3] Matriz de confusión (clases ordenadas):\n",
      "[[3 0 0 0]\n",
      " [0 7 0 0]\n",
      " [0 2 3 0]\n",
      " [0 0 0 6]]\n",
      "\n",
      "[poly3] Classification report:\n",
      "              precision    recall  f1-score   support\n",
      "\n",
      "           1      1.000     1.000     1.000         3\n",
      "           2      0.778     1.000     0.875         7\n",
      "           3      1.000     0.600     0.750         5\n",
      "           4      1.000     1.000     1.000         6\n",
      "\n",
      "    accuracy                          0.905        21\n",
      "   macro avg      0.944     0.900     0.906        21\n",
      "weighted avg      0.926     0.905     0.899        21\n",
      "\n",
      "\n",
      "[rbf] Matriz de confusión (clases ordenadas):\n",
      "[[3 0 0 0]\n",
      " [0 7 0 0]\n",
      " [0 0 5 0]\n",
      " [0 0 0 6]]\n",
      "\n",
      "[rbf] Classification report:\n",
      "              precision    recall  f1-score   support\n",
      "\n",
      "           1      1.000     1.000     1.000         3\n",
      "           2      1.000     1.000     1.000         7\n",
      "           3      1.000     1.000     1.000         5\n",
      "           4      1.000     1.000     1.000         6\n",
      "\n",
      "    accuracy                          1.000        21\n",
      "   macro avg      1.000     1.000     1.000        21\n",
      "weighted avg      1.000     1.000     1.000        21\n",
      "\n"
     ]
    }
   ],
   "source": [
    "# ----- 5) Mostrar resumen comparativo -----\n",
    "print(\"Resumen de métricas en TEST (k =\", k, \"genes):\")\n",
    "for name, sc in scores.items():\n",
    "    print(f\"- {name:6s} | accuracy={sc['accuracy']:.3f} | macroF1={sc['macroF1']:.3f}\")\n",
    "\n",
    "# Mejor por macro-F1\n",
    "best_name = max(scores, key=lambda n: scores[n][\"macroF1\"])\n",
    "print(\"\\nMejor kernel por macro-F1:\", best_name)\n",
    "\n",
    "# Matrices de confusión y reportes (útiles para la redacción)\n",
    "for name in models.keys():\n",
    "    print(f\"\\n[{name}] Matriz de confusión (clases ordenadas):\")\n",
    "    print(cms[name])\n",
    "    print(f\"\\n[{name}] Classification report:\")\n",
    "    print(reports[name])\n"
   ]
  },
  {
   "cell_type": "markdown",
   "id": "1f7652ab-1fd0-47a1-86e0-02929d9fbc7b",
   "metadata": {},
   "source": [
    "\n",
    "- El modelo **lineal** clasificó correctamente todos los casos de prueba (100 % de precisión y recall por clase).  \n",
    "- El **RBF** también alcanzó resultados idénticos, confirmando que el espacio de características ya es linealmente separable.  \n",
    "- El kernel **polinomial** mostró un leve descenso (accuracy = 0.905) debido a sobreajuste o exceso de complejidad.  \n",
    "\n",
    "**Conclusión general:** el conjunto *Khan* presenta un gran número de genes con diferencias de expresión estadísticamente significativas entre tipos tumorales.  \n",
    "En términos predictivos, un **SVM lineal** con una selección concisa de genes obtenidos por inferencia multiclase ofrece un desempeño **óptimo y parsimonioso**.\n",
    "\n"
   ]
  }
 ],
 "metadata": {
  "kernelspec": {
   "display_name": "Python [conda env:base] *",
   "language": "python",
   "name": "conda-base-py"
  },
  "language_info": {
   "codemirror_mode": {
    "name": "ipython",
    "version": 3
   },
   "file_extension": ".py",
   "mimetype": "text/x-python",
   "name": "python",
   "nbconvert_exporter": "python",
   "pygments_lexer": "ipython3",
   "version": "3.13.5"
  }
 },
 "nbformat": 4,
 "nbformat_minor": 5
}
